gcgagc/gtgagc:451.9794531:70	rs5031052	chr1	3598899	C	T
cgccgt/cgcctt:534.5737085:94	rs35718454	chr1	15853289	T	G
atcgtg/attgtg:481.6920825:79	rs11583306	chr1	15860803	C	T
caataa/caatag:403.241279:51	rs3748618	chr1	176118219	G	A
ggatcg/gggtcg:533.3791986:94	rs72542787	chr2	10262859	G	A
ctaaac/ctaaat:355.5912405:31	rs61754180	chr2	10267211	T	C
cagttg/gagttg:391.1622053:45	rs2592075	chr2	120006664	G	C
caatat/caatgt:445.7104827:68	rs3769818	chr2	202151163	A	G
ccaatc/ccactc:462.3001606:74	rs2242150	chr3	48505964	C	A
aatatt/gatatt:426.7427477:61	rs115097590	chr3	142281971	G	A
ctgtct/gtgtct:284.8141807:11	rs9685847	chr4	185546029	G	C
ctggaa/ctgtaa:476.567129:78	rs2705897	chr4	185553098	T	G
ggaatt/tgaatt:474.0878411:77	rs4647602	chr4	185569801	G	T
tgtttg/tgtttt:277.4773192:10	rs13108061	chr4	185578229	G	T
gccatc/gccgtc:493.9601172:83	rs4135234	chr6	36644221	G	A
aaccac/agccac:430.6584549:62	rs762623	chr6	36645466	G	A
ggttga/ggttgg:361.0292646:33	rs9357384	chr6	41997926	G	A
aaaaga/aaatga:325.0049951:21	rs200667909	chr6	109322701	T	A
taattc/tacttc:415.7522716:56	rs11267038	chr7	25163744	A	C
cagaca/gagaca:391.305238:45	rs2471551	chr7	45957055	G	C
acacat/acacgt:521.1039796:91	rs3731373	chr7	92247539	A	G
cggatc/tggatc:464.931198:74	rs2301557	chr7	92300863	C	T
cacaga/cacgga:518.5165038:90	rs2293399	chr8	22886130	A	G
gtcaac/gtcgac:481.7138857:79	rs28999710	chr8	103238260	G	A
gcccca/gcctca:424.7833455:60	rs7462471	chr8	143603318	C	T
gacacc/gacgcc:423.8542341:59	rs13272804	chr8	143614641	A	G
tagtag/tagtcg:510.855405:88	rs3138499	chr9	92219921	A	C
aatttc/gatttc:350.0517287:29	rs2456777	chr10	62551889	A	G
aatttc/attttc:296.1434036:14	rs2456778	chr10	62551890	A	T
aggtca/tggtca:457.815628:72	rs113521642	chr11	801644	A	T
gtgctg/ttgctg:427.5495517:61	rs28360884	chr11	802902	T	G
actact/acttct:463.6658491:74	rs79947274	chr11	44626593	T	A
tgtgcg/tgtgtg:442.3307422:66	rs2303863	chr11	44639921	C	T
ccagta/ccggta:454.6776145:71	rs9344	chr11	69462910	G	A
cacgta/cactta:526.8205345:92	rs11021065	chr11	94908658	G	T
aaccta/caccta:451.7589764:70	rs3214031	chr11	94965717	A	C
acattc/atattc:446.8534165:68	rs3092829	chr11	108175394	T	C
aaagca/aaagcg:459.3096682:72	rs4627097	chr11	125452313	A	G
gacgta/gatgta:427.3575744:61	rs2298483	chr11	125495022	C	T
caaaac/taaaac:408.3107478:53	rs2186833	chr11	128804955	C	T
gaaatt/gaattt:321.6858663:20	rs117095134	chr11	128805265	T	A
ccaccg/ccacgg:497.4409938:84	rs3217805	chr12	4388084	C	G
aaacgc/aaacgt:534.3724672:94	rs34873465	chr12	99061275	T	C
tttgtt/tttttt:245.5140037:5	rs76945651	chr12	99117402	T	G
gaccca/gatcca:440.8352138:66	rs3211994	chr16	2089028	C	T
cagctg/tagctg:371.8631952:37	rs1800720	chr16	2105400	C	T
ctggcc/ctggtc:444.9766366:67	rs45517185	chr16	2115506	C	T
ccatta/tcatta:370.0273968:37	rs13331451	chr16	2125788	C	T
ctacgt/ctccgt:523.495616:91	rs1800718	chr16	2138218	A	C
cttgac/cttgat:415.8173219:56	rs148478410	chr16	2140294	C	T
ttcagc/ttcggc:543.9054143:96	rs117098111	chr19	49465060	G	A
tcaggc/tcgggc:548.0396791:96	rs181390	chr22	18222263	A	G
ttggcc/ttggct:445.7299344:68	rs55926596	chr22	46682955	C	T
