cgaagc/ggaagc:459.5472868:73
aacaga/agcaga:361.5428738:33
ctcact/gtcact:401.6065454:50
aactat/agctat:457.3708177:72
cagttc/ccgttc:553.579138:97
attaat/gttaat:349.8142502:29
ggcacc/ggcccc:378.6017901:40
cgcaat/ctcaat:533.9577245:94
cacagc/cacggc:536.101582:94
aaacgt/gaacgt:485.3123949:81
ttcaat/ttcgat:482.6960655:80
accatt/gccatt:425.9640472:60
ctcgac/ctggac:528.9959383:93
gccaac/gccgac:491.1194696:82
accatt/accgtt:489.2265766:82
ccatac/ccgtac:518.607678:90
gaccct/gatcct:424.685633:60
ttacgt/ttatgt:475.3678784:78
actact/actcct:469.4614861:76
tgttac/tgttat:379.5238819:41
ccctat/ctctat:420.364144:58
gggtca/gggtta:385.3140298:43
ccagta/ccggta:454.6776145:71
aaatac/agatac:441.3109238:66
attcgc/atttgc:500.2952936:85
gccatg/gccgtg:497.2217532:84
gacgca/gaggca:467.3387037:75
ctcagc/ctcggc:493.4263421:83
atcccg/atcctg:487.2338753:81
aaaaga/aaaagg:378.839782:40
gcacga/gcgcga:546.6867486:96
ggctac/ggctgc:447.6444246:68
actggc/actggt:521.1616264:91
ttaatc/ttagtc:539.0936604:95
aactta/aagtta:410.0666298:53
caaatc/cgaatc:523.5985964:91
atacat/atacct:446.4667248:68
aataat/aattat:381.6228076:41
gtattg/ttattg:417.0135057:57
ggagcg/ggagtg:459.4424932:72
cgcgga/tgcgga:522.3948606:91
ccagaa/tcagaa:279.3211551:10
