ggacgg/tgacgg:492.9626143:83	rs62642953	chr1	229902	G	T
ttaaag/ttaaat:388.8970262:44	rs62635260	chr1	230058	T	G
acacac/acacat:383.6734969:42	rs190807317	chr1	230433	T	C
acggat/atggat:486.774741:81	rs111808888	chr1	230804	C	T
atctac/ttctac:394.9073779:47	rs140386775	chr1	231455	T	A
aactac/gactac:423.6068387:59	rs11490937	chr1	232214	G	A
acaatt/acgatt:505.4322327:86	rs144169752	chr1	232449	G	A
gccata/ggcata:446.3288501:68	rs146484642	chr1	232930	C	G
acccgt/agccgt:506.8718991:87	rs115354837	chr1	233473	C	G
acccat/acccgt:497.2764168:84	rs141415251	chr1	233476	G	A
actccc/actcct:433.4196157:63	rs56055731	chr1	234313	C	T
aaactc/agactc:446.4933688:68	rs111659307	chr1	234408	A	G
acacac/acacgc:476.5490201:78	rs8179455	chr1	234432	A	G
gcgctc/gtgctc:438.7844329:65	rs67749660	chr1	234446	C	T
ggacct/ggtcct:403.8977558:51	rs8179403	chr1	234481	T	A
ccaaga/ccaagg:405.4156428:51	rs111281142	chr1	234534	A	G
aaatcc/aaatct:427.9739781:61	rs113278145	chr1	234556	C	T
accctt/agcctt:468.5023937:76	rs138426292	chr1	235844	C	G
acgcaa/acgcca:528.9676707:93	rs184796003	chr1	237490	C	A
gggtta/gggttg:415.045942:56	rs113488767	chr1	237684	G	A
gacagc/ggcagc:432.4058348:63	rs112186068	chr1	237763	G	A
ttgcgt/ttgtgt:494.0038175:83	rs181999503	chr1	237877	C	T
gcgttg/gcgttt:530.4410091:93	rs114112614	chr1	237881	G	T
ttacaa/ttacag:421.7841329:59	rs184451216	chr1	239339	A	G
gctcgt/gctggt:522.7207537:91	rs143434963	chr1	240435	C	G
gctgtg/gctttg:365.9766477:35	rs147589465	chr1	240789	T	G
gcactc/tcactc:522.8833896:91	rs147990930	chr1	240898	T	G
gacttc/ggcttc:426.91419:61	rs112327644	chr1	241027	G	A
atctcg/atctct:455.5485073:71	rs71222829	chr1	241194	G	T
cgccat/tgccat:523.4813412:91	rs7415228	chr1	241263	C	T
cgccat/cgtcat:504.6682828:86	rs71222830	chr1	241265	C	T
acccgg/gcccgg:443.4541605:67	rs79974410	chr1	241320	A	G
ctcact/ttcact:367.4260579:36	rs11490246	chr1	241369	C	T
taactt/tcactt:370.5220886:37	rs181434479	chr1	243782	C	A
atgacc/atgccc:416.90566:56	rs192405071	chr1	245024	C	A
gcaaac/gcgaac:490.6074872:82	rs185479292	chr1	246060	G	A
tcgggc/tcgggt:554.7175555:97	rs115018998	chr1	249276	T	C
acctga/acttga:392.906582:46	rs191013370	chr1	252144	T	C
acatcc/acattc:448.0464039:68	rs148663102	chr1	254186	T	C
cacgtt/catgtt:468.8066969:76	rs71236370	chr1	254926	C	T
cgtgcg/cgtgtg:511.3122718:88	rs76982582	chr1	255900	T	C
cgtgta/cgtgtg:489.7741516:82	rs76003013	chr1	255901	G	A
cacata/cacatg:402.214912:50	rs181053586	chr1	256022	A	G
gagcta/tagcta:447.4811842:68	rs140435168	chr1	256586	T	G
attact/attcct:442.1745638:66	rs185940535	chr1	258589	C	A
tactat/tactct:450.1224794:69	rs143738566	chr1	259207	A	C
atacat/atatat:392.7764974:46	rs192416692	chr1	261542	T	C
atgtga/atttga:435.1320622:64	rs80050187	chr1	348458	T	G
atttga/atttgg:400.9825063:50	rs2527589	chr1	355280	G	A
gcggtc/gctgtc:526.9882067:92	rs77832493	chr1	355528	T	G
gctgtc/gctgtg:422.2437757:59	rs78394685	chr1	355531	C	G
ctgtcc/ctgtct:273.2758434:9	rs75706905	chr1	355532	C	T
cattgg/cgttgg:496.359898:84	rs183318141	chr1	356537	G	A
gattat/gtttat:409.4287785:53	rs187762289	chr1	358440	T	A
caattt/cagttt:495.9851532:84	rs190726048	chr1	362895	A	G
ttgggg/tttggg:393.9318024:47	rs182870673	chr1	362905	T	G
tttgcg/tttggg:509.9405796:88	rs138802168	chr1	362907	G	C
gacagt/gccagt:385.0236755:43	rs7418215	chr1	383643	A	C
cctgat/cttgat:397.1247345:48	rs75295791	chr1	384525	C	T
cgtgtc/cgtgtt:427.6959421:61	rs4116902	chr1	384597	T	C
cccgtc/cctgtc:366.4524527:35	rs1913420	chr1	384621	T	C
cccctg/ccgctg:355.9775227:31	rs62639158	chr1	384627	C	G
cccctc/cctctc:261.2918723:7	rs62639153	chr1	384655	C	T
cccacg/tccacg:476.3014675:78	rs62392173	chr1	384665	T	C
ggcctc/ggtctc:427.9722617:61	rs62639154	chr1	384686	T	C
ggccct/ggtcct:376.981372:39	rs62639157	chr1	384713	C	T
cccacg/tccacg:476.3014675:78	rs62428671	chr1	384819	T	C
cctgat/cttgat:397.1247345:48	rs62392174	chr1	384833	C	T
cccacg/tccacg:476.3014675:78	rs62392175	chr1	384896	T	C
tggtat/tggtgt:507.8751208:87	rs62392176	chr1	384951	G	A
