gataga/gctaga:344.4694036:27	.	chr1	10285949	A	C
atgcac/atgtac:391.5673256:45	.	chr1	10324595	T	C
gaccaa/gactaa:456.9472529:72	.	chr1	10334617	C	T
ccaaat/cccaat:501.6222452:85	.	chr1	10334618	A	C
ttgagc/ttgggc:465.8760798:75	.	chr1	10336447	A	G
gactga/gactgc:448.3733087:69	.	chr1	10340747	C	A
ttgaga/ttgcga:540.1642957:95	.	chr1	10348063	A	C
tactat/tattat:412.1202068:54	.	chr1	10353762	T	C
tgaaat/tgcaat:410.9898819:54	.	chr1	10361950	A	C
ccgaat/ccgatt:560.5936261:98	.	chr1	10471675	A	T
