gccagc/gccagt:385.1313323:43	.	chr20	2300608	C
gcacgc/tcacgc:547.6843944:96	.	chr20	2301308	T
