gaccaa/gactaa:456.9472529:72	.	chr1	10334617	C	T
ccaaat/cccaat:501.6222452:85	.	chr1	10334618	A	C
ttgagc/ttgggc:465.8760798:75	.	chr1	10336447	A	G
