catagc/catggc:394.2951213:47	rs11804402	chr1	18898916	G	A
catacc/catacg:559.5708836:98	rs142155499	chr1	18899023	G	C
tgcaga/tgctga:480.3606404:79	rs146013087	chr1	18899394	A	T
actgaa/gctgaa:360.3030797:33	rs138706459	chr1	18899436	G	A
caccat/catcat:416.4748466:56	rs142760178	chr1	18899454	C	T
cggctt/tggctt:435.9860545:64	rs184622997	chr1	18899492	C	T
ggctta/ggcttt:449.1796576:69	rs144420839	chr1	18899498	T	A
aatccc/aatctc:422.5072254:59	rs11806753	chr1	18899511	T	C
actcgc/acttgc:508.5270328:87	rs147981594	chr1	18899601	C	T
cctcat/cctcgt:458.0642071:72	rs78719005	chr1	18899693	G	A
tgcaac/tgcagc:490.3429565:82	rs141652858	chr1	18899843	G	A
tgtcaa/tgtcac:429.346744:62	rs11806115	chr1	18899932	C	A
ctaatc/ctagtc:526.7200453:92	rs12075047	chr1	18899962	G	A
acccga/acctga:525.0804046:92	rs113427289	chr1	18900104	T	C
cgccgc/cgctgc:450.0143871:69	rs117834369	chr1	18900186	C	T
cgcccc/cgcctc:458.8519062:72	rs187944346	chr1	18900190	C	T
ccacaa/ccacga:469.4836347:76	rs191915287	chr1	18900238	G	A
gatctg/gatgtg:409.0214675:53	rs11584288	chr1	18900244	C	G
ccttaa/tcttaa:391.9510751:46	rs11584290	chr1	18900271	C	T
catagt/catatt:544.117108:96	rs144374927	chr1	18900325	T	G
gcacac/gcacag:402.2230026:50	rs146128233	chr1	18900336	G	C
aaattg/caattg:438.9531875:65	rs185182052	chr1	18900386	C	A
ttcgaa/ttctaa:522.229334:91	rs189727520	chr1	18900426	G	T
caccat/cagcat:389.8015316:45	rs181329403	chr1	18900450	C	G
ccactc/ccagtc:509.6892619:88	rs56690192	chr1	18900494	C	G
tagtca/tggtca:444.2070517:67	rs140056936	chr1	18900520	G	A
gcccat/gctcat:440.9123717:66	rs875403	chr1	18900550	T	C
tcatcc/tcattc:315.3293946:18	rs114799364	chr1	18900554	C	T
cactac/tactac:461.4011978:73	rs185015139	chr1	18900652	C	T
tcaacc/tcgacc:481.4243987:79	rs149799992	chr1	18900661	G	A
cgaccc/cgacct:565.7568555:99	rs188189061	chr1	18900665	C	T
aacttc/aatttc:403.8198584:51	rs145786241	chr1	18900765	T	C
accacc/gccacc:438.5716995:65	rs742486	chr1	18900829	G	A
gaaggg/gtaggg:362.3829628:34	rs742485	chr1	18900943	A	T
caccac/cacccc:471.1550883:76	rs55893850	chr1	18900999	A	C
acccga/gcccga:551.9829029:97	rs181057728	chr1	18901010	G	A
gcccaa/gcccga:473.2759285:77	rs151004110	chr1	18901014	G	A
ccagac/ccggac:556.3966926:98	rs1534992	chr1	18901078	A	G
gccgca/gctgca:384.8487531:43	rs12080572	chr1	18901137	C	T
gcctat/gcctgt:456.6483802:71	rs142294870	chr1	18901185	A	G
aatcgc/aattgc:497.3138381:84	rs186418612	chr1	18901202	C	T
aatcac/aatcgc:512.2895935:88	rs735947	chr1	18901203	G	A
gactgc/gattgc:469.4345443:76	rs58970928	chr1	18901322	T	C
cgcttg/tgcttg:507.8407674:87	rs735946	chr1	18901323	T	C
caacac/caatac:454.7061444:71	rs141178876	chr1	18901359	C	T
ctacaa/ctacca:375.1963772:39	rs735945	chr1	18901381	C	A
tgggag/tgtgag:415.5570132:56	rs60258249	chr1	18901452	T	G
ttggcg/ttggct:512.2236739:88	rs35915585	chr1	18901594	T	G
tcgtcc/ttgtcc:427.3933402:61	rs149452973	chr1	18901747	C	T
ttccgc/tttcgc:457.6464678:72	rs11808006	chr1	18901774	T	C
tggctc/tggctg:417.7663184:57	rs2816056	chr1	18901791	C	G
gagctc/gggctc:417.0860862:57	rs191082028	chr1	18901798	G	A
ggtccc/ggtctc:431.4427262:62	rs113849107	chr1	18901907	C	T
ggcacc/ggcatc:381.0231963:41	rs115747384	chr1	18901943	C	T
ctcgcc/ttcgcc:520.2293872:90	rs138460115	chr1	18902076	C	T
attcac/attcgc:500.5722155:85	rs116183226	chr1	18902236	G	A
gctgcc/gctggc:374.7012952:39	rs2816057	chr1	18902257	G	C
aggcca/tggcca:367.0948214:35	rs57374672	chr1	18902265	T	A
gccgag/gctgag:418.939787:57	rs143074334	chr1	18902377	C	T
cgcccc/cgcctc:458.8519062:72	rs11261037	chr1	18902614	T	C
